"","V1","V2","V3","V4","V5","V6","V7","V8"
"1",1,0.007,-0.127,-0.117,0.243,-0.109,-0.116,-0.331
"2",0.007,1,0.045,-0.326,0.182,-0.02,-0.131,-0.423
"3",-0.127,0.045,1,-0.142,-0.22,-0.027,0.067,0.256
"4",-0.117,-0.326,-0.142,1,-0.135,-0.251,0.085,0.189
"5",0.243,0.182,-0.22,-0.135,1,-0.088,-0.179,-0.37
"6",-0.109,-0.02,-0.027,-0.251,-0.088,1,-0.036,0.12
"7",-0.116,-0.131,0.067,0.085,-0.179,-0.036,1,-0.164
"8",-0.331,-0.423,0.256,0.189,-0.37,0.12,-0.164,1
